TABLE # 93     $G&N'93 Solar$     X=0.9000 Y=0.0999 Z=0.0001 dXc=0.0000 dXo=0.0000

                                                  log R

logT  -8.0   -7.5   -7.0   -6.5   -6.0   -5.5   -5.0   -4.5   -4.0   -3.5   -3.0   -2.5   -2.0   -1.5   -1.0   -0.5    0.0    0.5    1.0 

3.75 -0.699 -0.869 -1.067 -1.279 -1.496 -1.709 -1.909 -2.076 -2.177 -2.180 -2.088 -1.932 -1.741 -1.533 -1.315 -1.088 -0.856 -0.618 -0.375
3.80 -0.472 -0.517 -0.604 -0.733 -0.886 -1.054 -1.215 -1.344 -1.420 -1.417 -1.334 -1.200 -1.022 -0.835 -0.633 -0.424 -0.205  0.023  0.256
3.85 -0.443 -0.442 -0.439 -0.442 -0.463 -0.511 -0.573 -0.628 -0.657 -0.637 -0.570 -0.459 -0.319 -0.159  0.014  0.205  0.400  0.611  0.830
3.90 -0.442 -0.437 -0.422 -0.385 -0.314 -0.213 -0.109 -0.018  0.057  0.122  0.195  0.284  0.394  0.513  0.650  0.810  0.978  1.163  1.358
3.95 -0.442 -0.438 -0.424 -0.389 -0.307 -0.154  0.072  0.331  0.568  0.751  0.880  0.985  1.076  1.173  1.278  1.399  1.529  1.681  1.855
4.00 -0.439 -0.438 -0.429 -0.400 -0.327 -0.177  0.071  0.407  0.779  1.117  1.370  1.542  1.665  1.763  1.856  1.939  2.049  2.177  2.326
4.05 -0.431 -0.430 -0.424 -0.404 -0.343 -0.210  0.024  0.361  0.773  1.211  1.596  1.895  2.100  2.231  2.330  2.423  2.518  2.625  2.752
4.10 -0.429 -0.427 -0.420 -0.402 -0.353 -0.240 -0.032  0.278  0.684  1.146  1.611  2.033  2.346  2.569  2.723  2.841  2.944  3.049  3.168
4.15 -0.426 -0.422 -0.416 -0.401 -0.358 -0.258 -0.077  0.203  0.584  1.036  1.540  2.021  2.442  2.773  3.013  3.177  3.311  3.430  3.552
4.20 -0.426 -0.420 -0.412 -0.397 -0.359 -0.273 -0.113  0.145  0.502  0.944  1.440  1.953  2.435  2.869  3.205  3.444  3.619  3.768  3.903
4.25 -0.427 -0.419 -0.408 -0.392 -0.358 -0.282 -0.137  0.098  0.443  0.876  1.372  1.881  2.397  2.895  3.320  3.646  3.883  4.069  4.227
4.30 -0.427 -0.418 -0.404 -0.383 -0.349 -0.280 -0.151  0.071  0.403  0.832  1.330  1.845  2.371  2.900  3.387  3.794  4.098  4.332  4.516
4.35 -0.426 -0.418 -0.401 -0.374 -0.335 -0.268 -0.148  0.064  0.387  0.823  1.319  1.840  2.373  2.914  3.444  3.909  4.274  4.561  4.774
4.40 -0.420 -0.416 -0.400 -0.367 -0.318 -0.247 -0.129  0.075  0.399  0.831  1.321  1.850  2.396  2.947  3.503  4.006  4.423  4.752  4.995
4.45 -0.416 -0.411 -0.397 -0.364 -0.304 -0.220 -0.096  0.110  0.433  0.866  1.362  1.894  2.442  3.003  3.573  4.099  4.552  4.908  5.188
4.50 -0.416 -0.412 -0.399 -0.367 -0.300 -0.198 -0.055  0.157  0.485  0.922  1.423  1.956  2.504  3.076  3.651  4.189  4.663  5.041  5.334
4.55 -0.416 -0.412 -0.402 -0.374 -0.308 -0.191 -0.019  0.222  0.563  1.001  1.501  2.033  2.578  3.148  3.721  4.262  4.737  5.124  5.417
4.60 -0.416 -0.412 -0.404 -0.380 -0.321 -0.205 -0.017  0.262  0.631  1.079  1.578  2.105  2.645  3.204  3.763  4.292  4.759  5.137  5.420
4.65 -0.416 -0.413 -0.406 -0.387 -0.336 -0.228 -0.039  0.252  0.650  1.119  1.623  2.143  2.674  3.214  3.750  4.258  4.709  5.076  5.350
4.70 -0.415 -0.412 -0.406 -0.390 -0.347 -0.250 -0.070  0.214  0.605  1.077  1.591  2.116  2.641  3.164  3.679  4.167  4.603  4.965  5.234
4.75 -0.415 -0.412 -0.406 -0.391 -0.355 -0.271 -0.106  0.162  0.536  0.990  1.494  2.023  2.553  3.073  3.576  4.052  4.481  4.837  5.108
4.80 -0.415 -0.412 -0.406 -0.392 -0.359 -0.285 -0.139  0.108  0.460  0.898  1.388  1.908  2.442  2.968  3.473  3.946  4.369  4.717  4.983
4.85 -0.416 -0.414 -0.408 -0.394 -0.363 -0.296 -0.163  0.062  0.393  0.817  1.298  1.813  2.345  2.875  3.387  3.863  4.280  4.617  4.871
4.90 -0.417 -0.414 -0.409 -0.397 -0.367 -0.303 -0.179  0.031  0.347  0.760  1.236  1.747  2.276  2.808  3.327  3.805  4.214  4.531  4.767
4.95 -0.415 -0.413 -0.409 -0.398 -0.371 -0.309 -0.190  0.011  0.318  0.724  1.197  1.707  2.235  2.768  3.288  3.763  4.157  4.449  4.663
5.00 -0.413 -0.412 -0.409 -0.400 -0.377 -0.320 -0.204 -0.005  0.300  0.704  1.176  1.685  2.210  2.739  3.255  3.719  4.091  4.356  4.552
5.05 -0.408 -0.407 -0.405 -0.398 -0.379 -0.328 -0.219 -0.024  0.280  0.684  1.155  1.660  2.179  2.700  3.201  3.646  3.995  4.241  4.428
5.10 -0.403 -0.402 -0.399 -0.394 -0.378 -0.336 -0.238 -0.052  0.247  0.648  1.114  1.609  2.115  2.619  3.101  3.526  3.860  4.102  4.293
5.15 -0.399 -0.396 -0.393 -0.387 -0.374 -0.339 -0.256 -0.086  0.198  0.585  1.036  1.513  2.000  2.485  2.948  3.362  3.694  3.945  4.149
5.20 -0.397 -0.393 -0.389 -0.381 -0.367 -0.337 -0.266 -0.119  0.136  0.494  0.921  1.377  1.843  2.311  2.763  3.173  3.513  3.782  4.005
5.25 -0.403 -0.399 -0.395 -0.387 -0.374 -0.345 -0.282 -0.154  0.070  0.392  0.787  1.219  1.668  2.124  2.569  2.981  3.332  3.623  3.863
5.30 -0.407 -0.402 -0.395 -0.386 -0.373 -0.347 -0.293 -0.183  0.010  0.295  0.657  1.064  1.495  1.940  2.382  2.797  3.160  3.471  3.726
5.35 -0.415 -0.412 -0.406 -0.397 -0.384 -0.359 -0.310 -0.213 -0.045  0.209  0.539  0.921  1.335  1.771  2.209  2.627  3.002  3.329  3.595
5.40 -0.418 -0.416 -0.412 -0.405 -0.393 -0.372 -0.329 -0.244 -0.094  0.133  0.435  0.793  1.191  1.617  2.052  2.472  2.857  3.194  3.467
5.45 -0.421 -0.420 -0.417 -0.412 -0.402 -0.382 -0.343 -0.268 -0.136  0.070  0.348  0.684  1.064  1.479  1.910  2.332  2.726  3.067  3.347
5.50 -0.421 -0.421 -0.419 -0.416 -0.409 -0.393 -0.359 -0.292 -0.173  0.013  0.269  0.585  0.951  1.356  1.783  2.206  2.606  2.946  3.236
5.55 -0.422 -0.422 -0.421 -0.419 -0.414 -0.401 -0.373 -0.314 -0.206 -0.035  0.202  0.500  0.851  1.246  1.668  2.092  2.496  2.832  3.135
5.60 -0.423 -0.422 -0.422 -0.420 -0.416 -0.406 -0.384 -0.334 -0.239 -0.081  0.143  0.427  0.765  1.150  1.565  1.988  2.392  2.726  3.048
5.65 -0.423 -0.423 -0.422 -0.421 -0.418 -0.410 -0.392 -0.351 -0.268 -0.124  0.087  0.361  0.689  1.064  1.472  1.894  2.293  2.631  2.973
5.70 -0.423 -0.423 -0.422 -0.421 -0.419 -0.412 -0.397 -0.362 -0.291 -0.162  0.037  0.300  0.620  0.986  1.388  1.809  2.199  2.547  2.912
5.75 -0.423 -0.423 -0.423 -0.422 -0.420 -0.414 -0.401 -0.371 -0.310 -0.193 -0.007  0.245  0.556  0.915  1.312  1.729  2.110  2.473  2.860
5.80 -0.423 -0.423 -0.423 -0.422 -0.420 -0.415 -0.404 -0.378 -0.323 -0.219 -0.046  0.195  0.497  0.850  1.242  1.653  2.028  2.407  2.811
5.85 -0.423 -0.423 -0.423 -0.422 -0.421 -0.416 -0.406 -0.383 -0.334 -0.239 -0.079  0.152  0.446  0.792  1.179  1.579  1.954  2.346  2.758
5.90 -0.423 -0.423 -0.423 -0.422 -0.421 -0.418 -0.409 -0.388 -0.344 -0.257 -0.108  0.114  0.402  0.742  1.121  1.507  1.887  2.291  2.704
5.95 -0.423 -0.423 -0.423 -0.422 -0.421 -0.418 -0.410 -0.391 -0.351 -0.271 -0.131  0.083  0.364  0.696  1.064  1.438  1.825  2.240  2.652
6.00 -0.423 -0.423 -0.422 -0.422 -0.420 -0.418 -0.411 -0.394 -0.357 -0.283 -0.151  0.056  0.331  0.652  1.008  1.373  1.768  2.192  2.602
6.10 -0.424 -0.423 -0.423 -0.421 -0.420 -0.416 -0.410 -0.397 -0.367 -0.305 -0.189  0.001  0.259  0.559  0.889  1.253  1.664  2.097  2.505
6.20 -0.424 -0.424 -0.424 -0.423 -0.421 -0.418 -0.411 -0.397 -0.370 -0.315 -0.212 -0.045  0.184  0.459  0.773  1.150  1.575  2.004  2.405
6.30 -0.425 -0.425 -0.424 -0.424 -0.423 -0.421 -0.416 -0.403 -0.377 -0.326 -0.235 -0.090  0.111  0.364  0.675  1.059  1.489  1.910  2.305
6.40 -0.425 -0.425 -0.425 -0.425 -0.424 -0.423 -0.420 -0.410 -0.388 -0.344 -0.264 -0.138  0.043  0.279  0.593  0.981  1.405  1.820  2.198
6.50 -0.426 -0.426 -0.426 -0.426 -0.425 -0.425 -0.422 -0.415 -0.398 -0.360 -0.292 -0.179 -0.015  0.213  0.525  0.908  1.323  1.726  2.088
6.60 -0.427 -0.427 -0.427 -0.427 -0.426 -0.426 -0.424 -0.418 -0.404 -0.373 -0.313 -0.212 -0.064  0.154  0.459  0.836  1.242  1.630  1.975
6.70 -0.428 -0.428 -0.428 -0.428 -0.428 -0.427 -0.425 -0.420 -0.408 -0.382 -0.330 -0.240 -0.104  0.108  0.405  0.766  1.160  1.533  1.862
6.80 -0.429 -0.429 -0.429 -0.429 -0.429 -0.428 -0.427 -0.423 -0.413 -0.390 -0.343 -0.266 -0.135  0.068  0.349  0.698  1.077  1.434  1.746
6.90 -0.430 -0.430 -0.431 -0.431 -0.431 -0.430 -0.429 -0.425 -0.416 -0.396 -0.355 -0.287 -0.164  0.030  0.296  0.630  0.993  1.328  1.604
7.00 -0.432 -0.432 -0.433 -0.433 -0.433 -0.432 -0.431 -0.428 -0.420 -0.402 -0.367 -0.303 -0.188 -0.008  0.244  0.562  0.907  1.221  1.474
7.10 -0.435 -0.435 -0.435 -0.435 -0.435 -0.435 -0.434 -0.431 -0.424 -0.408 -0.379 -0.317 -0.209 -0.045  0.191  0.492  0.821  1.104  1.291
7.20 -0.438 -0.438 -0.438 -0.438 -0.438 -0.438 -0.437 -0.435 -0.428 -0.415 -0.387 -0.330 -0.233 -0.082  0.137  0.421  0.717  0.981
7.30 -0.442 -0.442 -0.442 -0.442 -0.442 -0.442 -0.441 -0.439 -0.434 -0.423 -0.397 -0.344 -0.257 -0.120  0.082  0.339  0.634
7.40 -0.447 -0.447 -0.447 -0.447 -0.447 -0.447 -0.447 -0.445 -0.440 -0.431 -0.406 -0.360 -0.283 -0.160  0.025  0.261  0.531
7.50 -0.453 -0.453 -0.453 -0.453 -0.453 -0.453 -0.453 -0.451 -0.448 -0.439 -0.417 -0.377 -0.310 -0.202 -0.039  0.185
7.60 -0.460 -0.460 -0.460 -0.461 -0.461 -0.461 -0.460 -0.459 -0.457 -0.449 -0.429 -0.396 -0.339 -0.247 -0.103  0.099
7.70 -0.470 -0.470 -0.470 -0.470 -0.470 -0.470 -0.470 -0.469 -0.467 -0.459 -0.443 -0.416 -0.372 -0.296 -0.172  0.006
7.80 -0.482 -0.482 -0.482 -0.482 -0.482 -0.482 -0.482 -0.482 -0.480 -0.473 -0.460 -0.440 -0.408 -0.348 -0.247 -0.105
7.90 -0.496 -0.496 -0.496 -0.496 -0.497 -0.497 -0.497 -0.497 -0.495 -0.489 -0.481 -0.468 -0.449 -0.406 -0.326
8.00 -0.512 -0.512 -0.512 -0.512 -0.513 -0.513 -0.513 -0.513 -0.510 -0.507 -0.502 -0.497 -0.492 -0.468 -0.408
8.10 -0.532 -0.532 -0.532 -0.532 -0.532 -0.532 -0.533 -0.533 -0.531 -0.529 -0.528 -0.532 -0.541 -0.536 -0.503
8.30 -0.585 -0.585 -0.585 -0.586 -0.586 -0.586 -0.586 -0.585 -0.586 -0.587 -0.596 -0.620 -0.656 -0.689 -0.713
8.50 -0.656 -0.656 -0.656 -0.656 -0.656 -0.656 -0.656 -0.656 -0.658 -0.664 -0.683 -0.727 -0.773 -0.917 -1.279
8.70 -0.559 -0.710 -0.737 -0.741 -0.741 -0.741 -0.741 -0.742 -0.745 -0.755 -0.786 -0.851 -0.939 -1.037
