TABLE # 50     $G&N'93 Solar$     X=0.3500 Y=0.5900 Z=0.0600 dXc=0.0000 dXo=0.0000

                                                  log R

logT  -8.0   -7.5   -7.0   -6.5   -6.0   -5.5   -5.0   -4.5   -4.0   -3.5   -3.0   -2.5   -2.0   -1.5   -1.0   -0.5    0.0    0.5    1.0 

3.75 -0.982 -1.115 -1.288 -1.484 -1.692 -1.902 -2.103 -2.283 -2.414 -2.463 -2.406 -2.249 -2.015 -1.743 -1.372 -0.957 -0.519 -0.084  0.246
3.80 -0.838 -0.857 -0.907 -1.000 -1.133 -1.288 -1.453 -1.603 -1.710 -1.755 -1.709 -1.589 -1.412 -1.199 -0.949 -0.640 -0.293  0.130  0.458
3.85 -0.821 -0.813 -0.807 -0.803 -0.807 -0.835 -0.889 -0.949 -0.994 -1.001 -0.957 -0.863 -0.724 -0.556 -0.368 -0.125  0.136  0.439  0.793
3.90 -0.824 -0.812 -0.794 -0.766 -0.719 -0.642 -0.544 -0.445 -0.357 -0.280 -0.204 -0.115 -0.004  0.132  0.273  0.471  0.677  0.906  1.162
3.95 -0.815 -0.813 -0.798 -0.769 -0.712 -0.607 -0.438 -0.209  0.044  0.271  0.447  0.578  0.695  0.809  0.923  1.084  1.252  1.441  1.656
4.00 -0.725 -0.756 -0.773 -0.763 -0.716 -0.611 -0.427 -0.154  0.191  0.551  0.870  1.109  1.279  1.415  1.537  1.667  1.806  1.971  2.150
4.05 -0.664 -0.665 -0.674 -0.684 -0.672 -0.596 -0.424 -0.145  0.226  0.645  1.066  1.426  1.703  1.903  2.054  2.185  2.313  2.445  2.598
4.10 -0.643 -0.636 -0.627 -0.611 -0.580 -0.515 -0.381 -0.142  0.206  0.633  1.088  1.527  1.910  2.209  2.432  2.598  2.740  2.875  3.011
4.15 -0.631 -0.613 -0.595 -0.573 -0.532 -0.447 -0.293 -0.068  0.229  0.605  1.044  1.513  1.970  2.364  2.674  2.885  3.060  3.212  3.346
4.20 -0.637 -0.618 -0.593 -0.557 -0.508 -0.422 -0.266 -0.022  0.292  0.647  1.041  1.485  1.963  2.419  2.805  3.103  3.324  3.486  3.634
4.25 -0.633 -0.617 -0.593 -0.556 -0.498 -0.401 -0.241 -0.008  0.311  0.689  1.090  1.508  1.952  2.423  2.861  3.236  3.508  3.717  3.894
4.30 -0.614 -0.602 -0.583 -0.551 -0.500 -0.409 -0.247 -0.006  0.301  0.684  1.115  1.559  1.997  2.443  2.901  3.312  3.649  3.902  4.120
4.35 -0.586 -0.578 -0.559 -0.529 -0.480 -0.395 -0.249 -0.018  0.301  0.694  1.139  1.599  2.071  2.526  2.955  3.384  3.761  4.073  4.323
4.40 -0.520 -0.522 -0.516 -0.492 -0.444 -0.365 -0.230 -0.019  0.290  0.689  1.138  1.620  2.124  2.611  3.056  3.491  3.869  4.221  4.515
4.45 -0.493 -0.476 -0.455 -0.428 -0.381 -0.296 -0.165  0.042  0.339  0.726  1.190  1.675  2.186  2.689  3.163  3.620  4.015  4.376  4.668
4.50 -0.480 -0.462 -0.434 -0.388 -0.314 -0.209 -0.064  0.132  0.407  0.772  1.220  1.715  2.236  2.758  3.264  3.730  4.161  4.529  4.831
4.55 -0.473 -0.449 -0.418 -0.373 -0.291 -0.155  0.037  0.269  0.552  0.902  1.316  1.797  2.309  2.824  3.343  3.832  4.283  4.661  4.971
4.60 -0.477 -0.453 -0.418 -0.364 -0.279 -0.135  0.083  0.378  0.712  1.058  1.452  1.898  2.380  2.882  3.394  3.909  4.371  4.761  5.076
4.65 -0.469 -0.449 -0.419 -0.370 -0.284 -0.137  0.092  0.405  0.795  1.209  1.617  2.035  2.484  2.952  3.454  3.960  4.424  4.817  5.133
4.70 -0.468 -0.444 -0.412 -0.368 -0.294 -0.156  0.067  0.381  0.774  1.226  1.694  2.145  2.583  3.026  3.501  3.987  4.441  4.830  5.146
4.75 -0.469 -0.445 -0.403 -0.366 -0.293 -0.171  0.036  0.341  0.727  1.179  1.665  2.164  2.638  3.080  3.538  3.994  4.429  4.811  5.121
4.80 -0.470 -0.441 -0.409 -0.364 -0.291 -0.169  0.026  0.315  0.686  1.121  1.598  2.104  2.614  3.100  3.552  3.988  4.404  4.775  5.078
4.85 -0.469 -0.444 -0.410 -0.363 -0.293 -0.175  0.015  0.299  0.659  1.076  1.540  2.039  2.556  3.068  3.540  3.974  4.376  4.738  5.032
4.90 -0.454 -0.431 -0.400 -0.354 -0.282 -0.166  0.016  0.286  0.640  1.047  1.498  1.994  2.510  3.027  3.515  3.957  4.357  4.710  4.990
4.95 -0.417 -0.396 -0.368 -0.328 -0.264 -0.154  0.026  0.291  0.637  1.047  1.492  1.975  2.482  2.994  3.487  3.942  4.345  4.689  4.951
5.00 -0.347 -0.336 -0.316 -0.280 -0.220 -0.121  0.043  0.302  0.647  1.057  1.502  1.969  2.477  2.975  3.474  3.934  4.337  4.669  4.910
5.05 -0.244 -0.227 -0.209 -0.182 -0.130 -0.036  0.122  0.360  0.692  1.093  1.528  1.999  2.499  2.975  3.471  3.928  4.325  4.637  4.855
5.10 -0.140 -0.113 -0.086 -0.049  0.002  0.085  0.230  0.444  0.735  1.108  1.546  2.017  2.490  2.986  3.474  3.919  4.296  4.581  4.776
5.15 -0.088 -0.034  0.019  0.077  0.146  0.245  0.392  0.585  0.846  1.187  1.595  2.053  2.515  3.002  3.476  3.892  4.237  4.494  4.670
5.20 -0.106 -0.034  0.048  0.140  0.245  0.372  0.537  0.744  0.993  1.304  1.677  2.114  2.559  3.021  3.468  3.840  4.146  4.377  4.544
5.25 -0.185 -0.100 -0.001  0.119  0.259  0.425  0.624  0.852  1.106  1.393  1.748  2.160  2.586  3.026  3.433  3.761  4.028  4.239  4.407
5.30 -0.288 -0.202 -0.100  0.028  0.192  0.393  0.629  0.891  1.167  1.467  1.805  2.188  2.599  3.007  3.374  3.660  3.897  4.096  4.267
5.35 -0.394 -0.320 -0.224 -0.100  0.059  0.271  0.538  0.836  1.150  1.471  1.815  2.186  2.571  2.961  3.293  3.548  3.763  3.954  4.128
5.40 -0.477 -0.419 -0.340 -0.233 -0.089  0.105  0.373  0.708  1.066  1.423  1.784  2.148  2.523  2.894  3.200  3.432  3.632  3.819  3.994
5.45 -0.528 -0.493 -0.433 -0.342 -0.213 -0.032  0.223  0.567  0.958  1.350  1.730  2.098  2.466  2.818  3.102  3.319  3.507  3.694  3.866
5.50 -0.551 -0.532 -0.496 -0.431 -0.324 -0.162  0.076  0.407  0.814  1.241  1.655  2.043  2.405  2.741  3.007  3.212  3.393  3.579  3.749
5.55 -0.559 -0.551 -0.531 -0.490 -0.409 -0.268 -0.046  0.276  0.699  1.149  1.590  1.981  2.344  2.667  2.918  3.113  3.288  3.474  3.641
5.60 -0.562 -0.557 -0.546 -0.521 -0.468 -0.359 -0.159  0.162  0.589  1.066  1.523  1.928  2.287  2.598  2.836  3.024  3.196  3.380  3.545
5.65 -0.563 -0.559 -0.551 -0.535 -0.502 -0.427 -0.266  0.030  0.463  0.962  1.450  1.872  2.237  2.536  2.764  2.945  3.116  3.294  3.461
5.70 -0.565 -0.560 -0.553 -0.540 -0.514 -0.459 -0.335 -0.085  0.334  0.851  1.366  1.818  2.185  2.481  2.702  2.880  3.049  3.222  3.394
5.75 -0.565 -0.561 -0.554 -0.542 -0.521 -0.475 -0.378 -0.176  0.199  0.724  1.272  1.751  2.132  2.426  2.645  2.822  2.989  3.155  3.317
5.80 -0.565 -0.561 -0.554 -0.543 -0.523 -0.483 -0.400 -0.226  0.094  0.591  1.160  1.669  2.069  2.368  2.592  2.771  2.936  3.098  3.246
5.85 -0.564 -0.560 -0.554 -0.543 -0.523 -0.485 -0.409 -0.256  0.034  0.490  1.052  1.580  2.001  2.308  2.538  2.723  2.889  3.049  3.202
5.90 -0.564 -0.561 -0.555 -0.544 -0.525 -0.488 -0.415 -0.273 -0.010  0.410  0.948  1.489  1.929  2.249  2.487  2.679  2.847  3.004  3.150
5.95 -0.563 -0.559 -0.553 -0.542 -0.523 -0.486 -0.417 -0.283 -0.034  0.363  0.874  1.408  1.859  2.192  2.440  2.640  2.809  2.956  3.090
6.00 -0.561 -0.557 -0.550 -0.538 -0.519 -0.483 -0.415 -0.282 -0.042  0.343  0.838  1.359  1.808  2.147  2.402  2.607  2.775  2.904  3.046
6.10 -0.562 -0.554 -0.543 -0.528 -0.507 -0.471 -0.406 -0.281 -0.048  0.314  0.762  1.255  1.705  2.064  2.338  2.550  2.696  2.823  2.961
6.20 -0.569 -0.564 -0.555 -0.536 -0.505 -0.458 -0.387 -0.266 -0.052  0.280  0.700  1.172  1.621  1.991  2.264  2.462  2.578  2.681  2.839
6.30 -0.571 -0.569 -0.566 -0.557 -0.536 -0.488 -0.396 -0.252 -0.034  0.276  0.671  1.124  1.555  1.902  2.153  2.312  2.413  2.527  2.692
6.40 -0.572 -0.571 -0.569 -0.565 -0.554 -0.527 -0.460 -0.310 -0.051  0.291  0.675  1.094  1.473  1.764  1.975  2.113  2.214  2.352  2.535
6.50 -0.573 -0.572 -0.571 -0.568 -0.562 -0.545 -0.500 -0.391 -0.153  0.218  0.639  1.024  1.339  1.575  1.753  1.890  2.011  2.174  2.363
6.60 -0.574 -0.573 -0.572 -0.571 -0.566 -0.554 -0.523 -0.441 -0.257  0.068  0.486  0.863  1.145  1.353  1.518  1.662  1.810  1.998  2.206
6.70 -0.575 -0.575 -0.574 -0.573 -0.570 -0.562 -0.539 -0.478 -0.336 -0.076  0.290  0.644  0.915  1.119  1.285  1.442  1.616  1.822  2.044
6.80 -0.576 -0.576 -0.576 -0.575 -0.573 -0.567 -0.552 -0.509 -0.406 -0.199  0.103  0.416  0.675  0.883  1.062  1.240  1.439  1.673  1.872
6.90 -0.577 -0.577 -0.577 -0.576 -0.574 -0.570 -0.559 -0.529 -0.455 -0.301 -0.059  0.216  0.470  0.672  0.877  1.073  1.285  1.526  1.720
7.00 -0.580 -0.579 -0.579 -0.578 -0.576 -0.571 -0.560 -0.536 -0.482 -0.369 -0.180  0.052  0.286  0.515  0.738  0.938  1.165  1.381  1.575
7.10 -0.582 -0.582 -0.582 -0.581 -0.579 -0.574 -0.562 -0.535 -0.484 -0.389 -0.234 -0.036  0.184  0.410  0.619  0.812  1.027  1.247  1.407
7.20 -0.585 -0.585 -0.585 -0.584 -0.583 -0.580 -0.570 -0.543 -0.488 -0.390 -0.248 -0.070  0.122  0.319  0.489  0.680  0.891  1.097
7.30 -0.589 -0.589 -0.589 -0.589 -0.588 -0.586 -0.579 -0.559 -0.511 -0.416 -0.275 -0.110  0.051  0.200  0.345  0.535  0.755
7.40 -0.594 -0.594 -0.594 -0.594 -0.593 -0.592 -0.588 -0.575 -0.541 -0.466 -0.343 -0.196 -0.060  0.061  0.204  0.404  0.624
7.50 -0.600 -0.600 -0.600 -0.600 -0.600 -0.599 -0.596 -0.588 -0.566 -0.515 -0.423 -0.304 -0.184 -0.070  0.077  0.282
7.60 -0.608 -0.608 -0.608 -0.608 -0.608 -0.607 -0.605 -0.600 -0.585 -0.552 -0.489 -0.397 -0.294 -0.181 -0.032  0.167
7.70 -0.617 -0.617 -0.617 -0.617 -0.617 -0.617 -0.616 -0.612 -0.602 -0.580 -0.536 -0.466 -0.383 -0.275 -0.130  0.054
7.80 -0.629 -0.629 -0.629 -0.629 -0.629 -0.629 -0.628 -0.625 -0.619 -0.604 -0.571 -0.519 -0.448 -0.357 -0.222 -0.064
7.90 -0.644 -0.644 -0.644 -0.644 -0.644 -0.644 -0.643 -0.642 -0.637 -0.626 -0.601 -0.562 -0.507 -0.431 -0.314
8.00 -0.659 -0.659 -0.659 -0.659 -0.660 -0.660 -0.659 -0.658 -0.655 -0.646 -0.627 -0.600 -0.560 -0.499 -0.404
8.10 -0.679 -0.679 -0.679 -0.679 -0.679 -0.680 -0.679 -0.679 -0.677 -0.669 -0.657 -0.638 -0.614 -0.570 -0.502
8.30 -0.732 -0.732 -0.733 -0.733 -0.733 -0.733 -0.733 -0.733 -0.732 -0.728 -0.726 -0.727 -0.731 -0.720 -0.722
8.50 -0.803 -0.803 -0.803 -0.803 -0.803 -0.804 -0.803 -0.803 -0.803 -0.805 -0.812 -0.831 -0.864 -0.912 -1.236
8.70 -0.624 -0.841 -0.883 -0.888 -0.888 -0.889 -0.888 -0.888 -0.890 -0.896 -0.911 -0.949 -1.010 -1.082
