TABLE # 49     $G&N'93 Solar$     X=0.3500 Y=0.6100 Z=0.0400 dXc=0.0000 dXo=0.0000

                                                  log R

logT  -8.0   -7.5   -7.0   -6.5   -6.0   -5.5   -5.0   -4.5   -4.0   -3.5   -3.0   -2.5   -2.0   -1.5   -1.0   -0.5    0.0    0.5    1.0 

3.75 -0.985 -1.119 -1.292 -1.490 -1.699 -1.910 -2.114 -2.298 -2.437 -2.495 -2.449 -2.306 -2.090 -1.834 -1.509 -1.117 -0.695 -0.257  0.101
3.80 -0.842 -0.862 -0.912 -1.005 -1.138 -1.294 -1.460 -1.612 -1.723 -1.772 -1.734 -1.620 -1.452 -1.241 -1.015 -0.726 -0.411 -0.026  0.319
3.85 -0.826 -0.819 -0.813 -0.809 -0.813 -0.841 -0.895 -0.957 -1.003 -1.014 -0.973 -0.883 -0.748 -0.584 -0.404 -0.172  0.073  0.350  0.671
3.90 -0.829 -0.818 -0.802 -0.775 -0.728 -0.651 -0.553 -0.454 -0.366 -0.290 -0.216 -0.130 -0.022  0.110  0.246  0.437  0.635  0.853  1.094
3.95 -0.819 -0.819 -0.806 -0.778 -0.722 -0.619 -0.451 -0.221  0.032  0.259  0.434  0.563  0.678  0.788  0.899  1.052  1.214  1.395  1.599
4.00 -0.727 -0.760 -0.780 -0.773 -0.727 -0.625 -0.443 -0.172  0.173  0.534  0.854  1.091  1.260  1.392  1.510  1.634  1.766  1.923  2.094
4.05 -0.666 -0.669 -0.679 -0.692 -0.683 -0.612 -0.444 -0.168  0.201  0.620  1.040  1.400  1.676  1.874  2.021  2.146  2.269  2.396  2.542
4.10 -0.648 -0.642 -0.633 -0.619 -0.591 -0.530 -0.401 -0.168  0.175  0.599  1.052  1.492  1.875  2.173  2.392  2.554  2.691  2.821  2.951
4.15 -0.637 -0.621 -0.605 -0.584 -0.545 -0.462 -0.314 -0.094  0.196  0.566  1.003  1.471  1.927  2.320  2.629  2.841  3.011  3.158  3.287
4.20 -0.644 -0.626 -0.603 -0.570 -0.524 -0.441 -0.289 -0.051  0.258  0.609  0.998  1.439  1.914  2.367  2.755  3.055  3.274  3.435  3.581
4.25 -0.640 -0.626 -0.604 -0.570 -0.515 -0.424 -0.270 -0.042  0.270  0.647  1.046  1.461  1.900  2.367  2.808  3.185  3.461  3.671  3.848
4.30 -0.624 -0.614 -0.596 -0.566 -0.517 -0.431 -0.277 -0.044  0.259  0.640  1.071  1.515  1.950  2.391  2.848  3.262  3.605  3.863  4.083
4.35 -0.598 -0.592 -0.576 -0.547 -0.500 -0.419 -0.279 -0.057  0.255  0.646  1.092  1.555  2.026  2.479  2.908  3.339  3.723  4.039  4.294
4.40 -0.531 -0.537 -0.534 -0.514 -0.468 -0.391 -0.262 -0.058  0.244  0.640  1.091  1.575  2.079  2.567  3.015  3.453  3.840  4.195  4.490
4.45 -0.503 -0.489 -0.472 -0.450 -0.407 -0.327 -0.200  0.001  0.293  0.678  1.141  1.628  2.140  2.645  3.126  3.586  3.989  4.353  4.649
4.50 -0.493 -0.477 -0.452 -0.409 -0.339 -0.240 -0.102  0.087  0.358  0.724  1.173  1.668  2.191  2.714  3.227  3.702  4.138  4.510  4.816
4.55 -0.486 -0.465 -0.438 -0.395 -0.317 -0.183  0.004  0.229  0.506  0.852  1.268  1.750  2.264  2.782  3.307  3.806  4.263  4.646  4.960
4.60 -0.490 -0.470 -0.439 -0.390 -0.309 -0.168  0.049  0.342  0.674  1.017  1.408  1.854  2.337  2.844  3.364  3.883  4.352  4.748  5.068
4.65 -0.484 -0.466 -0.440 -0.396 -0.316 -0.174  0.051  0.364  0.758  1.173  1.579  1.993  2.443  2.916  3.423  3.935  4.405  4.806  5.127
4.70 -0.483 -0.462 -0.434 -0.394 -0.325 -0.193  0.024  0.336  0.731  1.187  1.658  2.108  2.544  2.990  3.470  3.960  4.422  4.819  5.140
4.75 -0.483 -0.463 -0.426 -0.393 -0.326 -0.209 -0.010  0.291  0.675  1.128  1.619  2.123  2.599  3.045  3.504  3.966  4.409  4.799  5.116
4.80 -0.484 -0.459 -0.431 -0.391 -0.325 -0.211 -0.024  0.259  0.626  1.061  1.541  2.052  2.569  3.058  3.513  3.956  4.381  4.762  5.073
4.85 -0.483 -0.462 -0.432 -0.390 -0.327 -0.219 -0.038  0.237  0.591  1.007  1.473  1.975  2.499  3.018  3.496  3.939  4.351  4.724  5.027
4.90 -0.470 -0.451 -0.424 -0.383 -0.318 -0.211 -0.039  0.221  0.568  0.972  1.424  1.922  2.444  2.967  3.464  3.918  4.330  4.695  4.985
4.95 -0.440 -0.421 -0.395 -0.359 -0.300 -0.199 -0.030  0.223  0.562  0.968  1.412  1.898  2.411  2.930  3.433  3.901  4.318  4.675  4.948
5.00 -0.379 -0.368 -0.350 -0.317 -0.262 -0.169 -0.014  0.232  0.569  0.975  1.419  1.891  2.404  2.911  3.420  3.893  4.311  4.656  4.907
5.05 -0.287 -0.271 -0.254 -0.229 -0.181 -0.094  0.056  0.285  0.609  1.008  1.444  1.919  2.425  2.913  3.419  3.890  4.301  4.626  4.852
5.10 -0.193 -0.169 -0.144 -0.110 -0.062  0.017  0.154  0.361  0.648  1.021  1.461  1.937  2.422  2.927  3.425  3.882  4.273  4.570  4.771
5.15 -0.147 -0.097 -0.049  0.004  0.069  0.163  0.303  0.491  0.752  1.096  1.509  1.974  2.446  2.943  3.425  3.854  4.213  4.480  4.662
5.20 -0.161 -0.097 -0.023  0.060  0.158  0.278  0.437  0.641  0.891  1.206  1.587  2.031  2.487  2.959  3.409  3.793  4.114  4.357  4.533
5.25 -0.231 -0.155 -0.068  0.039  0.166  0.321  0.512  0.737  0.993  1.286  1.650  2.071  2.508  2.954  3.362  3.700  3.986  4.213  4.391
5.30 -0.322 -0.244 -0.153 -0.040  0.105  0.289  0.512  0.768  1.045  1.351  1.699  2.092  2.510  2.922  3.289  3.586  3.844  4.061  4.245
5.35 -0.418 -0.352 -0.265 -0.154 -0.011  0.179  0.425  0.712  1.024  1.351  1.702  2.082  2.474  2.864  3.195  3.462  3.699  3.911  4.101
5.40 -0.490 -0.440 -0.370 -0.273 -0.143  0.033  0.278  0.594  0.944  1.303  1.669  2.040  2.419  2.788  3.091  3.336  3.559  3.770  3.962
5.45 -0.534 -0.504 -0.453 -0.372 -0.256 -0.091  0.145  0.467  0.845  1.233  1.615  1.988  2.356  2.703  2.986  3.215  3.427  3.638  3.828
5.50 -0.553 -0.538 -0.507 -0.451 -0.356 -0.208  0.011  0.323  0.714  1.133  1.544  1.931  2.291  2.620  2.884  3.101  3.306  3.518  3.706
5.55 -0.560 -0.553 -0.537 -0.502 -0.433 -0.307 -0.104  0.199  0.605  1.046  1.480  1.869  2.226  2.541  2.790  2.997  3.197  3.409  3.593
5.60 -0.563 -0.559 -0.549 -0.528 -0.483 -0.390 -0.210  0.088  0.497  0.962  1.413  1.813  2.166  2.467  2.704  2.904  3.101  3.309  3.492
5.65 -0.564 -0.560 -0.553 -0.540 -0.512 -0.448 -0.308 -0.041  0.368  0.854  1.335  1.753  2.109  2.400  2.629  2.823  3.017  3.218  3.402
5.70 -0.565 -0.561 -0.555 -0.544 -0.522 -0.475 -0.369 -0.149  0.237  0.736  1.245  1.692  2.052  2.341  2.564  2.755  2.947  3.141  3.328
5.75 -0.565 -0.562 -0.556 -0.546 -0.528 -0.489 -0.405 -0.230  0.108  0.607  1.145  1.618  1.994  2.284  2.505  2.695  2.883  3.069  3.248
5.80 -0.565 -0.562 -0.557 -0.547 -0.529 -0.495 -0.425 -0.274  0.011  0.475  1.029  1.532  1.927  2.223  2.450  2.642  2.826  3.007  3.174
5.85 -0.565 -0.562 -0.557 -0.547 -0.530 -0.497 -0.433 -0.301 -0.044  0.379  0.921  1.440  1.856  2.161  2.395  2.592  2.775  2.953  3.122
5.90 -0.565 -0.562 -0.557 -0.549 -0.533 -0.501 -0.439 -0.317 -0.085  0.302  0.819  1.349  1.782  2.101  2.343  2.546  2.731  2.903  3.065
5.95 -0.564 -0.561 -0.556 -0.547 -0.531 -0.501 -0.442 -0.326 -0.108  0.257  0.746  1.268  1.712  2.043  2.296  2.506  2.690  2.851  3.002
6.00 -0.562 -0.558 -0.552 -0.543 -0.527 -0.498 -0.442 -0.328 -0.118  0.236  0.709  1.218  1.660  1.999  2.258  2.472  2.653  2.796  2.954
6.10 -0.563 -0.557 -0.547 -0.533 -0.515 -0.486 -0.433 -0.330 -0.129  0.202  0.631  1.114  1.558  1.917  2.194  2.412  2.566  2.702  2.860
6.20 -0.569 -0.566 -0.558 -0.542 -0.514 -0.473 -0.412 -0.311 -0.130  0.169  0.569  1.032  1.477  1.844  2.117  2.317  2.437  2.556  2.736
6.30 -0.571 -0.570 -0.567 -0.560 -0.543 -0.503 -0.425 -0.298 -0.108  0.170  0.544  0.985  1.410  1.753  1.999  2.159  2.267  2.401  2.592
6.40 -0.572 -0.571 -0.569 -0.567 -0.559 -0.537 -0.484 -0.359 -0.131  0.184  0.548  0.954  1.324  1.608  1.816  1.958  2.071  2.232  2.441
6.50 -0.573 -0.572 -0.571 -0.569 -0.564 -0.552 -0.518 -0.431 -0.232  0.103  0.503  0.876  1.183  1.414  1.592  1.736  1.874  2.063  2.280
6.60 -0.574 -0.573 -0.572 -0.571 -0.568 -0.559 -0.536 -0.473 -0.325 -0.044  0.345  0.709  0.986  1.192  1.360  1.514  1.683  1.899  2.131
6.70 -0.575 -0.575 -0.574 -0.574 -0.571 -0.565 -0.548 -0.503 -0.391 -0.174  0.156  0.493  0.759  0.962  1.133  1.303  1.502  1.735  1.978
6.80 -0.576 -0.576 -0.576 -0.575 -0.574 -0.570 -0.558 -0.526 -0.447 -0.280 -0.015  0.277  0.528  0.735  0.920  1.114  1.338  1.596  1.819
6.90 -0.577 -0.577 -0.577 -0.577 -0.575 -0.572 -0.564 -0.541 -0.485 -0.363 -0.157  0.093  0.334  0.535  0.745  0.959  1.196  1.457  1.670
7.00 -0.579 -0.579 -0.579 -0.579 -0.577 -0.573 -0.564 -0.546 -0.504 -0.415 -0.258 -0.052  0.166  0.389  0.616  0.834  1.082  1.320  1.529
7.10 -0.582 -0.582 -0.582 -0.581 -0.580 -0.576 -0.567 -0.545 -0.505 -0.428 -0.301 -0.128  0.074  0.293  0.506  0.716  0.952  1.191  1.362
7.20 -0.585 -0.585 -0.585 -0.585 -0.584 -0.581 -0.574 -0.554 -0.510 -0.430 -0.312 -0.158  0.019  0.210  0.386  0.592  0.824  1.046
7.30 -0.589 -0.589 -0.589 -0.589 -0.588 -0.587 -0.582 -0.567 -0.530 -0.455 -0.338 -0.194 -0.045  0.102  0.256  0.460  0.698
7.40 -0.594 -0.594 -0.594 -0.594 -0.594 -0.593 -0.589 -0.580 -0.554 -0.496 -0.395 -0.268 -0.141 -0.020  0.130  0.341  0.574
7.50 -0.600 -0.600 -0.600 -0.600 -0.600 -0.599 -0.597 -0.591 -0.574 -0.535 -0.460 -0.358 -0.247 -0.134  0.018  0.229
7.60 -0.608 -0.608 -0.608 -0.608 -0.608 -0.607 -0.606 -0.602 -0.590 -0.565 -0.513 -0.434 -0.340 -0.231 -0.081  0.122
7.70 -0.617 -0.617 -0.617 -0.617 -0.617 -0.617 -0.616 -0.613 -0.606 -0.587 -0.552 -0.491 -0.415 -0.313 -0.170  0.015
7.80 -0.629 -0.629 -0.629 -0.629 -0.629 -0.629 -0.628 -0.626 -0.621 -0.609 -0.581 -0.535 -0.472 -0.387 -0.256 -0.099
7.90 -0.644 -0.644 -0.644 -0.644 -0.644 -0.644 -0.643 -0.642 -0.638 -0.629 -0.607 -0.574 -0.525 -0.455 -0.344
8.00 -0.659 -0.659 -0.659 -0.659 -0.660 -0.660 -0.659 -0.659 -0.656 -0.649 -0.632 -0.609 -0.575 -0.520 -0.430
8.10 -0.679 -0.679 -0.679 -0.679 -0.679 -0.679 -0.679 -0.679 -0.677 -0.671 -0.660 -0.646 -0.626 -0.589 -0.525
8.30 -0.732 -0.732 -0.732 -0.733 -0.733 -0.733 -0.733 -0.733 -0.732 -0.729 -0.728 -0.732 -0.741 -0.737 -0.740
8.50 -0.803 -0.803 -0.803 -0.803 -0.803 -0.804 -0.803 -0.803 -0.803 -0.806 -0.813 -0.835 -0.873 -0.924 -1.245
8.70 -0.624 -0.841 -0.883 -0.888 -0.888 -0.889 -0.888 -0.888 -0.890 -0.896 -0.913 -0.953 -1.017 -1.091
